sampleID	community	div	div.rda	level	MVP1.4	Q2.87	CHA0	F113	Phl1c2	Pf.5	M1.96	Q8R1.96	breadth	connectance	nestedness	FD	dissim	siderophore(SU)	IAA	p.solu	Gas	pd.pseu	toxin1	toxin2	inhib.rs	inhib.fus	inhib.rhizo	inhib.py	DAPG ppm	phlD20	phlD_ck	16S	ck16s	di_20	NH4	NO3	WSOC	WSON	N	C	CNRatio	DNAc	promote	dryweight	K.ppm	P.ppm	Fe.ppm	Plant.N	bce15	bce25	bce35	RDA1	RDA2	PC1	PC2	PC3	PC4	pae	otu.richness	otu.shannon	PD	SR	otu.alpha	otu.evenness	value
s01	1	1	50	1	1	0	0	0	0	0	0	0	62.5	0.625	0	0	0	0.3991374	9.50649892	382.7	318.9568733	0	35.45421835	49.90503947	59.72854384	10.33	7.5	13.25	7352.94	7.823417296	6.357337894	10.68	11.02	0	1.8	40.25	100.1677917	62.00911	0.243421	2.127	8.737290538	31.3	25.18518519	1.68	32.48	3.26445	0.09265025	39447.25549	100	49.57983193	45.819398	-4.35853	-1.715501	-2.17098	1.00062	-0.57488	1.124039	0.598539742	2823	6.084918905	190.49248	2757	771.8478808	0.765826752	0.62041491
s02	2	1	50	1	0	1	0	0	0	0	0	0	54.17	0.541666667	0	0	0	0.354282193	7.17208954	419.4	333.78684	0	43.87451341	43.48046762	53.30397199	8.33	3.5	10.5	3852.94	7.850782182	6.357337894	10.75	11.02	0.0625	1.81	38.93	136.7415161	61.70069885	0.263421	2.346	8.906199582	36.1	13.51851852	1.537	34.9925	3.097295	0.080305	40692.20102	87.62886598	79.83193277	69.89966555	-3.02002	-1.383203	4.90683	-2.12284	-2.35976	0.616367	0.519086981	3446	6.085336064	216.8076	3317	1018.187498	0.747128166	0.683881916
s03	3	1	50	1	0	0	1	0	0	0	0	0	54.17	0.541666667	0	0	0	0.28958718	10.23995158	624.6	317.4912358	0	46.06006086	51.08386	60.90736437	7.17	5	8.5	2647.06	7.186224929	6.357337894	10.8	11.02	0	1.4	7.854	84.970047	16.50932693	0.24467	2.284	9.335022684	30.8	17.25925926	1.588	36.7175	3.8725	0.114465	33150.61367	100	69.74789916	47.82608696	0.6546	0.85156	-1.47455	-1.49253	2.7228	-6.291743	0.604704455	3348	6.729173711	219.2518	3214	976.2694931	0.829112311	0.503123364
s04	4	1	50	1	0	0	0	1	0	0	0	0	58.33	0.583333333	0	0	0	0.424522489	11.46939442	576.9	317.799294	0	25.35084565	37.51268871	47.33619308	4.5	4.5	6.5	1470.59	6.925474432	6.357337894	10.56	11.02	0.375	1.402	16.647	101.9171677	39.61613846	0.230942	2.32	10.04581237	20.8	29.07407408	1.75	36.7155	3.57425	0.1504075	37593.40322	25.77319586	52.94117647	53.84615385	0.68834	2.377476	0.45602	-0.0347	2.98974	-1.958756	0.59497377	3423	6.691827218	221.47172	3317	1006.97099	0.822266286	0.65169211
s05	5	1	50	1	0	0	0	0	1	0	0	0	62.5	0.625	0	0	0	0.409057301	10.82307517	634	315.730582	0	22.84340347	32.42411345	42.24761782	5.17	6.5	6	4764.71	6.954012198	6.357337894	10.56	11.02	0	1.488	20.03	83.39605713	39.55811691	0.240963	2.23	9.254532854	28.3	16.88925926	1.57901	31.354	3.57425	0.13135725	37059.96788	100	52.94117647	29.76588629	0.12454	2.445429	4.09041	-0.41822	-0.86315	2.206008	0.567608549	3427	6.834519371	211.57762	3341	1011.748128	0.839679257	0.515225821
s06	6	1	50	1	0	0	0	0	0	1	0	0	62.5	0.625	0	0	0	0.677141097	8.82092176	611.2	329.379584	0	47.39769049	54.18317563	64.00667999	9	10	15	5350	7.083690913	6.357337894	10.41	11.02	0	1.604	33.191	92.00984	87.00012	0.254521	2.07	8.132924199	26.2	14.81481482	1.56	36.336925	3.39565	0.16002	32964.36823	100	86.55462185	69.89966555	0.18365	1.253562	1.2792	-4.0352	0.53443	-0.049352	0.59321424	3489	6.740661757	227.89182	3401	1034.284522	0.826327774	0.49706328
s07	7	1	50	1	0	0	0	0	0	0	1	0	64.58	0.645833333	0	0	0	0.593160813	12.17507929	292	343.5772444	0	26.91615691	42.76826355	52.59176792	7.5	8	12	2088.24	6.821912412	6.357337894	10.87	11.02	0	1.711	34.921	91.39117432	75.54460907	0.258953	2.31	8.920537704	32.1	24.03703704	1.68	30.441325	3.39565	0.1726775	34261.32953	100	52.94117647	43.81270903	0.42222	3.836986	-0.33437	5.50552	-0.82853	0.011992	0.598241057	3368	6.323754378	212.61047	3228	986.3996217	0.778588583	0.457899577
s08	8	1	50	1	0	0	0	0	0	0	0	1	58.33	0.583333333	0	0	0	0.479359211	10.1365405	329.6	318.94608	0	22.95135597	41.94800094	51.7715053	7.5	7	10.5	4088.24	6.951795701	6.357337894	10.85	11.02	0.125	1.668	14.544	96.98021	73.00931	0.28862	2.2	7.622479385	30.5	17.01851852	1.5806	36.04135	2.01729	0.13406525	38279.72448	75.25773195	63.02521008	61.8729097	-0.24374	2.178616	-0.63816	-0.47441	0.49661	-0.167852	0.574418592	3216	6.444092308	206.21356	3079	923.6614998	0.797941702	0.548833531
s09	9	1	50	1	1	0	0	0	0	0	0	0	62.5	0.625	0	0	0	0.64448552	10.01780926	382.7	306.9857766	0	31.6268115	41.37332593	51.1968303	6.33	11.25	13.5	1264.71	7.57522965	6.357337894	10.66	11.02	0	1.8	40.25	88.98237	69.99801	0.24347	2.12	8.707438288	23.3	25.11111112	1.69	24.5811	2.341105	0.153315	38849.72847	100	59.66386555	61.8729097	-2.6314	-1.159508	-1.24323	-1.95774	5.32081	1.257795	0.584045728	3166	6.270007946	208.09246	3073	905.7533624	0.777894976	0.502835788
s10	10	1	50	1	0	1	0	0	0	0	0	0	54.17	0.541666667	0	0	0	0.394331485	7.00069525	419.4	339.5009823	0	37.14710984	35.69042865	45.51393302	6.8	10	13.5	2058.82	7.242354337	6.357337894	10.79	11.02	0	1.696	41.001	136.7415161	61.70069885	0.256791	2.11	8.216798875	32.7	24.70370371	1.688	26.8833525	2.771375	0.098574	36046.05472	100	63.02521008	67.89297659	-1.35734	0.253428	1.81188	-2.42617	0.92919	1.601203	0.464067089	3119	5.419740522	201.96057	3057	886.7263091	0.673655708	0.480546586
s11	11	1	50	1	0	0	1	0	0	0	0	0	54.17	0.541666667	0	0	0	0.32112	9.488210479	624.6	341.655366	0	38.72223496	34.92910706	44.75261143	9.4	6	11	7058.82	6.82083592	6.357337894	10.73	11.02	0	1.4	7.854	84.970047	16.50932693	0.241245	2.24	9.285166532	25	32.66666667	1.793	26.918015	4.1454425	0.13067	32974.91586	100	79.83193277	77.92642141	0.9842	2.134334	-1.45947	-3.12147	-2.89962	-1.805777	0.593398696	3142	6.38543439	207.1612	3076	892.2984541	0.792964091	0.517024226
s12	12	1	50	1	0	0	0	1	0	0	0	0	58.33	0.583333333	0	0	0	0.582255083	11.97304468	576.9	304.082834	0	24.50194644	33.81905107	43.64255544	6.4	7	9.75	2323.53	7.542249302	6.357337894	10.55	11.02	0	1.402	16.647	101.9171677	39.61613846	0.2345673	2.21	9.421603096	20.8	23.59259259	1.67	19.404481	3.259425	0.108772875	40076.44212	100	76.47058824	69.89966555	-3.24337	-0.105817	-3.43159	0.26844	-0.9484	1.137583	0.540814079	2729	5.978118957	184.52729	2642	737.6497387	0.755605764	0.560634956
s13	13	1	50	1	0	0	0	0	1	0	0	0	62.5	0.625	0	0	0	0.412815773	10.78668979	634	339.891789	0	29.54627239	35.60201711	45.42552148	8.75	6.5	7	1676.47	7.15500044	6.357337894	10.6	11.02	0	1.488	20.03	83.39605713	39.55811691	0.250097	2.26	9.03649384	24.1	27.48148149	1.72	26.8145975	2.429225	0.1010745	37208.02105	100	63.02521008	63.87959866	-0.72062	2.435368	3.30034	4.33951	2.12115	-0.846728	0.5934077	3700	6.897421691	227.20813	3548	1121.683032	0.839501915	0.490296298
s14	14	1	50	1	0	0	0	0	0	1	0	0	62.5	0.625	0	0	0	0.606284658	8.20715785	611.2	343.1477618	0	47.78435672	57.59438752	65.30662433	13.5	11.5	14.25	5958.82	7.219044496	6.357337894	10.53	11.02	0	1.604	33.191	86.908889	43.00931	0.2444678	2.3	9.408191999	23.9	19.92592593	1.62	22.2962	3.2605	0.12004825	31506.83201	100	79.83193277	73.91304348	-0.26286	1.804834	2.21296	1.14863	1.50742	-3.912879	0.560583359	3599	6.685693808	221.19814	3473	1076.099905	0.816482411	0.338181427
s15	15	1	50	1	0	0	0	0	0	0	1	0	64.58	0.645833333	0	0	0	0.553912508	12.2526376	292	340.7170252	0	21.91599335	38.3771571	48.20066147	11.5	10	13.25	5029.41	6.947779398	6.357337894	10.77	11.02	0.125	1.702	35.921	91.39117432	75.54460907	0.26883	2.12	7.886024625	28.2	22.81481482	1.66	22.342215	3.52615	0.10899185	30827.67999	75.25773195	89.91596639	77.92642141	0.81729	2.22015	4.08367	-0.47379	3.10749	0.721648	0.57464971	3855	6.847889574	237.2047	3715	1185.14206	0.829330852	0.35031769
s16	16	1	50	1	0	0	0	0	0	0	0	1	58.33	0.583333333	0	0	0	0.483672212	9.54479932	329.6	349.5427802	0	29.09974159	40.38606374	50.20956811	10.5	7.25	10.75	8411.76	7.23246691	6.357337894	10.88	11.02	0.0625	1.668	14.544	97.00932	73.0093	0.27071	2.22	8.20065753	38.8	20.48148148	1.63	24.87975	3.9833975	0.15208525	38799.43645	87.62886598	76.47058824	69.89966555	-0.84397	0.858456	3.56683	-1.16638	0.31619	3.242089	0.572413627	3667	6.688145248	225.95276	3569	1112.854159	0.81491897	0.612188244
s17	17	2	20	1	1	1	0	0	0	0	0	0	62.5	0.583333333	4.568633618	0.129084546	0.133333333	0.621072089	9.78417682	531.7	340.53264	0.1338	31.93104127	61.79147976	57.86207801	7.5	9.75	11	3558.82	7.807997411	6.357337894	10.65	11.02	0.1875	1.75	26.775	101.0094	68.99031	0.2209187	2.25	10.18474217	34.9	24.55555556	1.684	30.98763	2.9499	0.166085	36047.92035	62.88659793	49.57983193	67.89297659	-1.62958	-1.90906	-2.40826	-2.09255	-1.6734	-2.308209	0.562374371	3159	6.450220919	207.35899	3074	901.9695674	0.800473104	0.528191361
s18	18	2	20	1	0	1	1	0	0	0	0	0	62.5	0.541666667	8.299091724	0.296402411	0.266666667	0.676524954	12.13582138	613	339.835574	0.2838	41.97062385	56.83552181	66.65902617	5.67	8.25	6.75	1147.06	7.700808818	6.357337894	10.59	11.02	0	1.402	42.614	89.99705	70.0012	0.230934	2.4	10.3925797	25.2	13.7037037	1.53	36.2866	4.6217	0.1645425	42211.29692	100	56.30252101	59.86622074	-1.38798	-0.677453	2.14988	1.17561	-0.34679	-1.038468	0.579667385	3445	6.725190959	220.02132	3337	1016.503002	0.825715882	0.818047717
s19	19	2	20	1	1	0	0	1	0	0	0	0	64.58	0.604166667	6.340679721	0.125274257	0.129032258	0.426987061	9.24701371	460.9	349.616984	0.0425	49.32611471	69.5225777	69.5225777	4	8.5	6.75	3323.53	7.843697375	6.357337894	10.79	11.02	0.1875	1.54	27.487	102.936676	78.528862	0.25083746	2.28	9.089551457	34.2	21.5925926	1.644	36.2396	2.4269	0.2079325	41541.20005	62.88659793	52.94117647	55.85284281	-2.09009	-1.144346	-0.07111	1.1407	0.58555	-0.70703	0.592505513	3131	6.460718813	201.82054	3022	891.5125773	0.802662734	0.671685353
s20	20	2	20	1	0	1	0	0	1	0	0	0	64.58	0.583333333	5.088106593	0.186600246	0.193548387	0.573629082	7.28603323	536.2	318.7039283	0.1591	28.86420886	56.00543569	65.82894006	3.83	6	2.25	2852.94	7.675162461	6.357337894	10.55	11.02	0	2.116	28.82	100.9019	82.0011	0.2306351	2.39	10.36268981	23.6	19.85185185	1.62	33.20763	3.299	0.209026	40046.83407	100	86.55462185	85.95317726	-1.66018	-0.934666	-1.6853	-0.03488	-0.63471	-1.664022	0.503429499	3027	5.593214372	200.04616	2910	851.2207692	0.697814844	0.705171276
s21	21	2	20	1	1	0	0	0	0	0	0	1	62.5	0.604166667	6.001384846	0.081492318	0.066666667	0.551447936	8.04533866	420.9	317.5991686	0.0471	31.49923127	66.9439078	66.9439078	7.67	9.75	11.25	2823.53	7.5499652	6.357337894	10.86	11.02	0	1.887	29.881	93.99811	79.00345	0.2307341	2.31	10.01178413	23.3	20.55555556	1.63	37.02988	4.195375	0.2085375	40574.20004	100	93.27731092	87.95986622	-1.31833	-0.292311	0.97296	3.10033	4.24175	-0.32052	0.615024781	3642	6.6021028	228.75872	3495	1097.127368	0.805106185	0.817360027
s22	22	2	20	1	0	0	1	1	0	0	0	0	64.58	0.5625	7.092739581	0.275661125	0.258064516	0.570856439	12.15784411	673.2	318.3074776	0.2484	33.83983777	32.41428995	42.23779431	7.33	9.25	10.25	1470.59	7.513063443	6.357337894	10.93	11.02	0	1.913	33.63	123.4968185	68.98258209	0.24093764	2.18	9.047984366	37.6	20.81481482	1.63	37.278005	4.2942	0.209625	36612.37514	100	89.91596639	83.9464883	-1.25678	-0.008415	-2.47381	1.75904	0.70151	-0.145803	0.541952747	2942	6.004527605	200.94263	2827	818.1469314	0.751802205	0.7050395
s23	23	2	20	1	1	0	0	0	0	0	1	0	66.67	0.635416667	7.325403464	0.093874726	0.09375	0.557609365	10.13941303	261.5	327.468274	0.0396	42.33373681	65.49002915	75.31353352	6.33	10	12.5	3735.29	7.361216389	6.357337894	10.64	11.02	0	1.421	22.656	87.9972	74.0031	0.2508421	2.19	8.730591874	23.3	45.18518519	1.95	33.65663	3.3923	0.2209475	39735.29614	100	86.55462185	75.91973244	0.18948	-0.393403	0.35061	-2.106	2.85623	-0.125627	0.574737856	3552	6.629330454	226.67491	3405	1060.37365	0.810900877	0.748861881
s24	24	2	20	1	0	0	1	0	0	1	0	0	62.5	0.583333333	4.568633618	0.133333333	0.133333333	0.768354898	10.95329653	578.9	318.7108764	0.0043	62.08904447	60.36215987	64.13438555	6.67	10.25	14	2420.59	7.066399618	6.357337894	10.69	11.02	0	1.791	37.088	98.94806671	61.55627823	0.26631	1.92	7.209642897	22.9	28.2962963	1.73	29.7993	4.1978	0.214342975	38331.47681	100	86.55462185	71.90635452	1.26731	1.94117	2.86166	1.54052	-0.06223	1.064132	0.548923254	3568	6.425411105	223.97029	3467	1065.951027	0.78552558	0.678362818
s25	25	2	20	1	0	0	0	1	1	0	0	0	66.67	0.604166667	6.904807767	0.182789957	0.1875	0.334565619	13.13594058	628.9	311.1007146	0.0596	40.09617588	40.57271032	50.39621469	6.33	6	5.25	2352.94	7.272903105	6.357337894	10.88	11.02	0	1.8021	38.001	99.99811	59.00931	0.258903	2.19	8.458766411	28.6	18.14814815	1.59	25.396323	3.75765	0.1379965	36588.61673	100	93.27731092	85.95317726	-0.06121	0.786115	1.27151	-0.53211	-1.98602	1.193046	0.517497946	3052	6.035986848	197.41143	2962	859.9738942	0.752283596	0.559416306
s26	26	2	20	1	0	0	1	0	0	0	0	1	64.58	0.5625	7.092739581	0.248810183	0.258064516	0.642350092	13.59679014	668.1	335.4811601	0.2529	34.33543788	44.89014049	54.71364486	7.83	7.75	10.25	3411.76	7.547129909	6.357337894	10.78	11.02	0	1.849	28.764	107.2919617	57.51084137	0.258349	2.04	7.896295321	31	31.44444445	1.77	25.46533	3.0348875	0.17217125	36364.33518	100	89.91596639	71.90635452	-1.42598	0.317708	-0.86823	2.66582	-3.21318	-0.165693	0.585185876	3240	6.59679549	207.65227	3128	934.6144707	0.816098888	0.515706893
s27	27	2	20	1	0	1	0	0	0	1	0	0	68.75	0.583333333	6.73972454	0.297262325	0.303030303	0.686383241	8.25216082	487.1	340.442696	0.2816	62.16755538	62.19915519	72.02265956	11.17	9.5	15	4429.41	7.865488064	6.357337894	10.68	11.02	0	1.8023	30.0012	111.7187805	60.62164688	0.27009	2.02	7.478988485	25.8	22.40740741	1.65	31.561065	4.0840225	0.209135	35894.36091	100	89.91596639	79.93311037	-3.67113	-1.929604	-3.88681	0.7727	2.12066	1.0196	0.587556933	2528	5.929764207	175.00958	2433	666.1682083	0.756812398	0.616225888
s28	28	2	20	1	0	0	0	1	0	0	1	0	66.67	0.614583333	5.894243521	0.145616963	0.15625	0.646950092	8.02427344	621.1	342.488922	0.05	29.71310807	43.8930548	63.54006354	5.5	5.25	7.25	1941.18	7.675758298	6.357337894	10.57	11.02	0	1.6921	29.9981	102.9901	69.99012	0.250042	2.03	8.118636069	19.9	29.18518519	1.74	27.635905	3.35175	0.23867375	35201.61188	100	96.63865546	89.96655518	-1.85126	-1.231395	0.41332	-1.94216	-3.4518	-0.225386	0.537756531	3005	6.195832187	198.68885	2932	841.8763631	0.773702145	0.547965343
s29	29	2	20	1	0	0	0	0	1	0	1	0	68.75	0.635416667	7.838787292	0.151390426	0.151515152	0.489833641	9.281675572	634.4	326.726236	0.0742	28.27047011	25.37083731	45.01784605	6	5	11	4558.82	7.545776591	6.357337894	10.51	11.02	0.0625	1.6293	28.11037	142.9211731	60.83670425	0.246902	2.06	8.343391305	20.2	42.44444445	1.92	27.9393	3.8007	0.18210225	40084.96674	87.62886598	89.91596639	75.91973244	-2.52838	-0.686301	-1.51091	0.64105	-0.96781	3.571961	0.526695956	2956	5.511506764	193.85628	2848	823.9652487	0.689663157	0.728195347
s30	30	2	20	1	0	0	0	0	1	1	0	0	75	0.625	12.11004387	0.345374363	0.333333333	0.659272951	12.84054874	687.8	336.046683	0.2704	62.45215743	59.47804448	59.47804448	11.33	8.5	12.25	5882.35	7.517212136	6.357337894	10.54	11.02	0.1875	1.901	30.291	100.911	58.99031	0.245521	2.25	9.164185548	20.6	23.07407408	1.66	34.32963	3.51975	0.20562775	37875.59426	62.88659793	59.66386555	59.86622074	-1.80067	-1.435973	-3.23636	-3.14174	0.03361	1.130078	0.509963212	2566	5.63154362	181.92593	2510	678.8039784	0.717384629	0.628942696
s31	31	2	20	1	0	0	0	0	0	1	0	1	70.83	0.604166667	8.697687947	0.249670097	0.294117647	0.685767098	10.5482698	483.4	335.7413231	0.2508	61.51002651	58.78548742	68.60899179	18	9	15.75	4185.29	7.745948399	6.357337894	10.38	11.02	0	1.882	25.359	166.0926819	42.5104866	0.25678	2.35	9.1518031	19.4	21.59259259	1.64	35.4077	3.12095125	0.20613975	36714.06425	100	89.91596639	87.95986622	-3.10395	-0.461995	-1.88959	2.24885	-1.59682	3.307017	0.592415033	2721	5.832206687	175.80299	2633	737.1190945	0.737436787	0.62485822
s32	32	2	20	1	0	0	0	0	0	0	1	1	64.58	0.614583333	5.423150035	0.101835024	0.096774194	0.464571781	9.69895843	232.5	357.577028	0.0546	38.78111815	41.55014901	54.91011495	9	6.25	13.25	1155.88	7.524087514	6.357337894	10.73	11.02	0	1.421	22.229	91.98141479	47.77000809	0.23974	2	8.342370902	43.5	19.40740741	1.61	35.0495155	3.8657	0.2375315	36294.6049	100	100	85.95317726	-0.7421	0.193634	-0.48516	0.54229	2.14892	-3.914443	0.604158468	3265	6.442117338	216.09777	3149	943.454771	0.796206323	0.648293425
s33	33	4	10	2	1	1	0	1	1	0	0	0	68.75	0.59375	17.50663661	0.285776211	0.151057502	0.547514936	9.62714518	538	335.563234	0.1975	37.46115348	64.11768559	73.94118996	5.83	5.75	9	9705.88	7.691658749	6.357337894	10.75	11.02	0	1.099	14.834	131.956955	37.55381775	0.269043	2.64	9.812557844	35	33.07407408	1.79	35.91824	4.071	0.215857025	37148.02301	100	96.63865546	93.97993311	1.55161	-0.895308	2.44478	2.14008	1.70035	0.758377	0.595437136	3895	6.926245046	237.14753	3773	1206.482797	0.837772943	0.74047588
s34	34	4	10	2	0	1	0	1	0	1	1	0	72.92	0.598958333	16.88776482	0.434413789	0.218293694	0.738755391	11.14958608	620.4	332.2083228	0.3596	66.62795644	61.19224599	71.01575036	12	9.5	13	5494.12	7.596187131	6.357337894	10.71	11.02	0	1.571	6.397	116.3334045	41.85197449	0.260986	2.23	8.544519629	31.9	30.25925926	1.758	37.09335	4.254925	0.20822975	42421.46528	100	79.83193277	85.95317726	1.47588	-0.957604	1.74238	-1.23784	0.59385	3.432171	0.530936288	3305	6.111711906	208.76309	3240	958.2333102	0.754235133	0.894664823
s35	35	4	10	2	1	0	0	1	1	1	0	0	77.08	0.614583333	22.98136808	0.436084829	0.225782921	0.645717807	12.62702401	675	334.7132632	0.3088	66.17161177	61.57536266	66.48711485	12	11	14	5194.12	7.786480635	6.357337894	10.75	11.02	0.25	1.607	21.154	106.2724533	72.85292053	0.250009	2.07	8.279701931	31.7	36.40740741	1.84	35.514645	4.0843725	0.20843375	40648.44358	50.51546391	52.94117647	47.82608696	-0.38378	-2.096315	1.22364	-2.14462	1.65952	4.154783	0.539037895	3141	6.205809288	198.14602	3058	894.155628	0.770688125	0.767305306
s36	36	4	10	2	0	1	0	0	1	0	1	1	68.75	0.598958333	15.9423643	0.255627133	0.133931481	0.764448552	13.27939472	621.5	360.54518	0.2107	26.46471918	48.60342515	58.42692951	8.83	9.25	9.75	1588.24	7.977875775	6.357337894	10.8	11.02	0	1.467	13.649	90.04971313	43.05303955	0.237654	2.24	9.425467276	34.3	35.66666667	1.83	34.2540325	4.2454975	0.1851365	34341.97462	100	89.91596639	83.9464883	0.80901	-2.956199	1.95327	-5.12904	-2.16656	-0.900076	0.575236086	3408	6.462087586	221.21814	3314	1002.850702	0.79446548	0.645864487
s37	37	4	10	2	1	1	1	1	0	0	0	0	68.75	0.572916667	16.88778032	0.413211169	0.204676352	0.654959951	13.17663475	665.3	347.683188	0.3542	66.6524911	61.16179313	61.16179313	9	7.5	9.5	3117.65	8.028347845	6.357337894	10.67	11.02	0	1.431	14.88	140.8731995	49.95861053	0.259009	2.33	8.9958264	19.6	30.40740741	1.759	29.7633925	4.249725	0.214445375	33792.46986	100	86.55462185	81.93979933	0.05654	-1.551873	-0.31617	1.08051	-3.17519	-2.79008	0.576739685	3234	6.555514663	209.07128	3136	931.6911689	0.811177988	0.573561587
s38	38	4	10	2	0	1	0	0	0	1	1	1	72.92	0.598958333	16.59471204	0.389363644	0.197297316	0.687615527	13.08950134	581.4	336.6268218	0.3642	67.87922406	61.05373458	70.87723895	9	10	16.25	4720.59	7.257300975	6.357337894	10.73	11.02	0	1.678	13.123	120.0092	50.0013	0.2610998	2.2	8.425896918	23.6	30.51851852	1.759	33.461455	4.05818	0.153086	38708.94945	100	96.63865546	93.97993311	2.28707	1.308757	-1.1399	2.88021	0.14844	-1.134836	0.588859396	3105	6.591087056	200.46512	3018	880.4867097	0.819708545	0.756806695
s39	39	4	10	2	1	0	0	0	1	1	0	1	77.08	0.614583333	22.85144717	0.400768389	0.205644032	0.721503389	14.30553904	658.5	331.8103206	0.3145	65.23929472	61.18733424	71.01083861	9.67	10.75	18.75	3885.29	7.947062207	6.357337894	10.82	11.02	0	1.51	20.738	123.4163284	41.85197449	0.2633221	2.41	9.152289155	29.7	23.85185185	1.67	29.990195	4.343555	0.1755975	36455.35744	100	79.83193277	67.89297659	-0.03145	-1.492955	0.97161	3.35756	-1.53582	1.136789	0.628778119	3586	6.436514094	222.5254	3494	1075.31295	0.786399163	0.617576829
s40	40	4	10	2	0	1	1	0	1	0	1	0	75	0.588541667	16.72969961	0.470867269	0.241581853	0.70222	14.22702322	638.6	349.931788	0.3859	50.43508131	50.09168606	59.91519043	8	5.75	10.5	2705.88	7.577767771	6.357337894	10.64	11.02	0.125	1.519	3.752	107.801712	23.44455814	0.239901	2.05	8.545191558	27.7	29.70370371	1.75	29.987985	4.109455	0.1576047	36843.35744	75.25773195	73.1092437	75.91973244	0.83889	-1.907416	-4.39625	-1.41517	1.19866	3.480522	0.608761277	2747	6.202538457	186.82683	2693	746.8340206	0.783320425	0.642229228
s41	41	4	10	2	1	0	1	0	0	1	0	1	72.92	0.59375	18.68397244	0.375747248	0.223487792	0.708379544	10.15186066	587.4	335.900524	0.2747	65.54843143	60.46530667	70.28881104	12.17	11.5	12.5	3976.47	7.850492369	6.357337894	10.6	11.02	0	1.669	32.233	102.9983	39.0013	0.2600876	2.252	8.657806062	28	19.37037037	1.61	36.933613	4.178755	0.20928925	39144.09197	100	86.55462185	81.93979933	0.87152	-2.730128	0.28706	-2.54975	1.31643	0.009493	0.580318348	3519	6.421548506	229.20909	3424	1052.534288	0.786382791	0.760220877
s42	42	4	10	2	0	0	1	1	0	1	1	0	72.92	0.598958333	17.61546093	0.431406395	0.237072961	0.683548983	10.63348819	605.6	325.939226	0.2777	65.72998791	58.76092866	68.58443303	12.33	9.5	11	2220.59	7.944952197	6.357337894	10.61	11.02	0	1.529	12.209	92.57165527	43.05303955	0.230098	2.136	9.283023929	27.9	38.96296297	1.875	35.9417875	4.29703	0.19828925	36266.29508	100	100	91.97324415	0.11658	-2.014217	0.59003	0.97613	-3.73252	-2.403454	0.581944708	3062	6.396351189	197.75845	2941	864.5424352	0.796872029	0.741787832
s43	43	4	10	2	1	0	1	1	0	0	0	1	68.75	0.583333333	17.77555892	0.365618941	0.180637296	0.460295749	10.60093285	617.6	348.4971812	0.2925	49.22797607	58.88372247	68.70722683	6.5	7.5	7.75	2588.24	7.836784609	6.357337894	10.66	11.02	0	1.5908	12.008	99.89201	36.00931	0.267659	2.257	8.43247565	43.3	46.85185186	1.98	28.5175	4.0876725	0.21036875	40353.93274	100	96.63865546	85.95317726	-0.19593	-2.069764	-1.25003	0.71885	-0.04748	0.329152	0.600968486	3200	6.265007122	208.84577	3113	917.6779578	0.776245821	0.787832582
s44	44	4	10	2	0	0	1	0	1	0	1	1	75	0.598958333	17.67527607	0.423275041	0.218642785	0.749907579	14.06137399	608.6	364.0608661	0.3241	44.10023228	40.57271032	50.39621469	8	8	8	1176.47	7.955106586	6.357337894	10.53	11.02	0.0625	1.502	31.172	91.88303375	62.49799347	0.240098	1.979	8.242142792	18.1	46.88888889	1.98	28.122	4.2584025	0.1748275	39156.11899	87.62886598	63.02521008	75.91973244	-0.35543	-1.951453	0.68554	3.1554	-0.46335	-2.940694	0.657284029	3188	6.531282847	208.29046	3085	914.1145473	0.809614749	0.74334302
s45	45	8	0	2	1	1	1	1	1	1	1	1	79.17	0.596354167	25.55814243	0.64059253	0.198753703	0.790486752	14.5266281	502.9	364.139792	0.4441	67.67313292	60.24918957	70.07269394	13.4	10.25	13.5	3352.94	7.934485526	6.357337894	10.67	11.02	0	1.099	18.521	101.525322	50.67706299	0.250098	2.341	9.360298763	22.4	48.44444445	2.07	36.474695	4.16882	0.2867	35655.68006	100	96.63865546	95.98662207	4.81556	-3.289715	-2.40157	1.43427	2.3774	2.897928	0.582867246	3384	6.34765021	222.82449	3263	994.2516261	0.781074899	0.763277877
s46	46	8	0	2	1	1	1	1	1	1	1	1	79.17	0.596354167	25.69972232	0.64059253	0.198753703	0.772643253	14.64258256	502.9	364.072199	0.4441	67.48666951	60.26392483	70.0874292	13.2	9.75	12.25	4035.29	7.912958563	6.357337894	10.68	11.02	0	1.223	25.816	155.808136	51.86365509	0.250065	2.323	9.291224282	29.3	48.81481482	2.04	37.9450165	4.155185	0.2909255	34382.20775	100	86.55462185	87.95986622	6.30243	-2.941092	0.06593	-1.49865	-2.30595	-2.723599	0.585449534	3534	6.492816799	232.85509	3430	1052.312484	0.79469636	0.71961135
s47	47	8	0	2	1	1	1	1	1	1	1	1	79.17	0.596354167	25.6243765	0.64059253	0.198753703	0.786814541	14.4742523	502.9	364.0775732	0.4441	68.04605974	60.46776255	70.29126691	12.6	10.25	12.5	2461.76	7.9113833	6.357337894	10.63	11.02	0	1.552	30.311	109.1252899	50.61153793	0.2597	2.342	9.018559877	14.9	48.77777778	2.05	37.505225	4.1800575	0.27587325	35655.68006	100	96.63865546	93.97993311	6.65951	-2.929461	-0.94936	-2.89489	3.85385	-3.029912	0.642142403	3670	6.809419419	240.6858	3580	1106.450893	0.829612992	0.7661363
s48	48	8	0	2	1	1	1	1	1	1	1	1	79.17	0.596354167	25.55814243	0.64059253	0.198753703	0.774491682	14.27872876	502.9	364.0856007	0.4441	68.45824202	60.54782411	70.37132847	11.25	10.5	13.25	2708.82	7.958225787	6.357337894	10.63	11.02	0	1.638	21.613	85.20256805	43.96484756	0.24445	2.168	8.868357537	17.3	47.33333333	1.984	34.871625	4.1309775	0.252346	34382.20775	100	100	91.97324415	5.5903	-2.425109	2.64145	1.29134	-2.80875	1.511147	0.600606087	3589	6.440380914	224.67191	3502	1078.467898	0.786791217	0.687210771
s49	49	0	1000	0	0	0	0	0	0	0	0	0	0	0	0	0	0	0	0	0	0	0	0	0	0	0	0	0	0	6.346571422	6.357337894	11.01	11.02	0.333333333	1.982	20.009	120.9831	68.0093	0.23112	2.112	9.136465905	43.2	0	1.154285714	33.4843	3.6334	0.1365025	39937.25549	0	0	0	0.86471	4.622598	-3.13911	0.56049	-1.62943	2.397889	0.539196535	3038	5.954057495	198.52808	2961	855.9817331	0.74249796	0.491898998
s50	50	0	1000	0	0	0	0	0	0	0	0	0	0	0	0	0	0	0	0	0	0	0	0	0	0	0	0	0	0	6.345543186	6.357337894	11.03	11.02	0.5	1.9982	24.982	125.001	72.0012	0.242318	2.111	8.713054746	35.8	0	1.35	34.9997	3.5977	0.12803	40781.20102	0	0	0	1.10242	5.109342	-2.00157	1.08559	0.84188	0.512311	0.591428742	3065	6.222099115	202.07197	2996	864.1477755	0.775068749	0.563122548
s51	51	0	1000	0	0	0	0	0	0	0	0	0	0	0	0	0	0	0	0	0	0	0	0	0	0	0	0	0	0	6.365381494	6.357337894	11.05	11.02	0.5625	2.0012	24.001	119.09102	68.9903	0.234562	2.123	9.051423504	41.3	0	1.407	36.3175	3.52725	0.131465	39902.61367	0	0	0	2.37546	5.921228	0.31795	-0.57657	-2.2647	-2.418231	0.600926751	3313	6.564644112	212.61575	3258	966.7264919	0.809889027	0.555574404
s52	52	0	1000	0	0	0	0	0	0	0	0	0	0	0	0	0	0	0	0	0	0	0	0	0	0	0	0	0	0	6.335455472	6.357337894	10.99	11.02	0.625	2.00913	22.91	120.986	68.03134	0.242231	2.132	8.80069025	37.1	0	1.502	35.0455	3.64356	0.124075	40593.40322	0	0	0	1.12693	4.82681	-1.78987	-1.51061	-3.88754	0.164051	0.577349134	3028	6.207990926	204.52836	2942	849.6403661	0.774483046	0.58873475